cam0:
  T_cam0_imu:
  - [-0.7349285974495103, -0.06046932690439873, -0.6754431265137177, -0.04198914383467747]
  - [-0.02490716090088361, -0.9929375905680633, 0.11599385575429458, 0.04719779328867087]
  - [-0.677686940988798, 0.10207057235373751, 0.7282321115363063, -0.05301856497998047]
  - [0.0, 0.0, 0.0, 1.0]
  camera_model: pinhole
  distortion_coeffs: [-0.007332726306170068, 0.046136074269295876, -0.07686733552256356, 0.0434267443975998]
  distortion_model: equidistant
  intrinsics: [275.03580536376063, 274.65173026573115, 322.251041488843, 232.08533471004966]
  resolution: [640, 480]
  rostopic: /camera/right
  timeshift_cam_imu: -0.004349632256718187
  
cam1:
  T_cam1_imu:
  - [0.7769251771812529, 0.00410180054469058, 0.6295795774119194, 0.04477666001011665]
  - [-0.12373727154690511, 0.9814707268870702, 0.14630208437986886, 0.07124248499168391]
  - [-0.6173138235063321, -0.19156823195942063, 0.7630368639927794, -0.05666561232169741]
  - [0.0, 0.0, 0.0, 1.0]
  T_cn0_cnm1:
  - [-0.9964777620633565, 0.049603530342331184, -0.06761330853304812, -0.0029905258326757443]
  - [-0.06722955209004833, -0.9544870917643673, 0.29057628771283933, 0.1288751959045779]
  - [-0.05012242052195012, 0.2940984213367707, 0.954459984246717, -0.022046907647537483]
  - [0.0, 0.0, 0.0, 1.0]
  camera_model: pinhole
  distortion_coeffs: [-0.0031414499411347944, 0.004232658141066152, 0.0021738985937111073, -0.0011905967817443881]
  distortion_model: equidistant
  intrinsics: [275.9933803017587, 275.6855976349775, 332.0519115859041, 242.42861583677424]
  resolution: [640, 480]
  rostopic: /camera/left
  timeshift_cam_imu: -0.0043683581042853
  
cam2:
  camera_model: pinhole
  distortion_coeffs: [0.019559563535416373, 0.006336180245965379, -0.008859502646040036, 0.003964773960050803]
  distortion_model: equidistant
  intrinsics: [154.25701444995326, 154.1818731638987, 170.01792381260483, 127.55444690469855]
  resolution: [346, 260]
  rostopic: /davis/right
cam3:
  T_cn2_cnm3:
  - [-0.9992946765617332, 0.03436046352564338, 0.01514951951986927, 0.0016839451842876408]
  - [-0.036814296177760296, -0.9759744362271758, -0.21475243288023893, -0.127644120026139]
  - [0.007406550635492381, -0.21515868185445902, 0.9765510148631942, -0.01430581345543589]
  - [0.0, 0.0, 0.0, 1.0]
  T_cn3_cnm0:
  - [-0.9990635729879589, -0.008762935035313267, -0.042369660113167146, -0.023384599343191165]
  - [0.008339768767878042, -0.9999136690685231, 0.010153948336863686, 0.0009845873075596035]
  - [-0.042454980690570965, 0.009791086737244752, 0.9990504037510181, -0.00815780594893402]
  - [0.0, 0.0, 0.0, 1.0]
  camera_model: pinhole
  distortion_coeffs: [0.01383599555574169, 0.0174788023956558, -0.021086831879135348, 0.009012306302398385]
  distortion_model: equidistant
  intrinsics: [153.96412089893823, 153.92130458650362, 172.16341560376353, 132.20028109516284]
  resolution: [346, 260]
  rostopic: /davis/left
